21992,-10766,-2,1
-43366,-21661,4,2
-10714,-21661,1,2
21993,32773,-2,-3
43745,32772,-4,-3
43742,43664,-4,-4
-43327,43662,4,-4
-43373,43655,4,-4
-10677,32773,1,-3
-43324,43664,4,-4
-32447,43664,3,-4
21946,-54317,-2,5
11051,-10772,-1,1
32824,-21652,-3,2
11092,-21655,-1,2
32863,11002,-3,-1
-21562,10997,2,-1
-10725,43662,1,-4
11074,11006,-1,-1
-54209,-10768,5,1
43710,-10774,-4,1
54615,54544,-5,-5
32859,-21659,-3,2
11052,10997,-1,-1
21957,-32542,-2,3
-10714,10997,1,-1
32847,-21652,-3,2
-21561,-32547,2,3
11074,21887,-1,-2
-43339,-21656,4,2
54643,54541,-5,-5
-32477,-32547,3,3
-21571,11005,2,-1
-10701,-54314,1,5
-21584,-43429,2,4
-21595,-32542,2,3
54594,21887,-5,-2
21970,32774,-2,-3
-54237,-43425,5,4
43732,-54319,-4,5
-32488,-10766,3,1
-32473,-43433,3,4
-43370,10998,4,-1
-43347,32777,4,-3
-32460,11002,3,-1
21962,-21659,-2,2
21981,21889,-2,-2
-32437,-21656,3,2
-43347,-21653,4,2
54652,54541,-5,-5
-21606,-54319,2,5
11055,54549,-1,-5
-54259,21892,5,-2
54636,32777,-5,-3
-54224,11006,5,-1
-10723,-54310,1,5
32856,54547,-3,-5
11052,11006,-1,-1
-10674,-54319,1,5
11071,-54317,-1,5
11075,54541,-1,-5
-54226,21888,5,-2
21962,32774,-2,-3
-54251,21883,5,-2
54628,-32540,-5,3
11087,32770,-1,-3
54594,43659,-5,-4
43748,32778,-4,-3
32854,32778,-3,-3
54639,-32542,-5,3
-43367,-43425,4,4
54651,-21660,-5,2
11087,10999,-1,-1
-43379,32778,4,-3
43737,-32543,-4,3
-43382,43655,4,-4
-10684,-43433,1,4
-54250,54550,5,-5
11095,-21657,-1,2
32836,10997,-3,-1
-54209,-32540,5,3
11050,21892,-1,-2
-21587,10999,2,-1
43725,54550,-4,-5
-54221,32771,5,-3
11087,54546,-1,-5
11088,-32538,-1,3
21986,-10774,-2,1
11071,10998,-1,-1
54631,43661,-5,-4
-32462,21892,3,-2
-32464,-43433,3,4
-32485,-10772,3,1
43707,21888,-4,-2
54602,-32538,-5,3
-43335,-32546,4,3
54639,-10769,-5,1
-21551,-21656,2,2
-43323,-21658,4,2
43718,32770,-4,-3
-10709,43662,1,-4
43749,10997,-4,-1
32859,11002,-3,-1
32839,-43433,-3,4
21975,-10775,-2,1
11088,11006,-1,-1
-10716,21892,1,-2
-21560,-32538,2,3
-21591,54541,2,-5
21968,-21661,-2,2
-21579,-32545,2,3
-10721,-32547,1,3
-32468,-43430,3,4
-54260,-43427,5,4
-43333,10997,4,-1
-21579,21884,2,-2
-43343,54545,4,-5
-10708,-43424,1,4
54601,-21661,-5,2
-32460,-21654,3,2
32848,-10770,-3,1
-54209,21886,5,-2
32844,32773,-3,-3
32839,32778,-3,-3
-43374,-43427,4,4
32827,43662,-3,-4
-21583,-43433,2,4
32819,-54311,-3,5
-43371,43655,4,-4
-32437,10997,3,-1
-21566,43664,2,-4
-43371,-21658,4,2
43707,-32542,-4,3
-21551,11003,2,-1
-21599,11006,2,-1
11057,43660,-1,-4
-21571,-10773,2,1
54609,-43424,-5,4
-32473,-54311,3,5
-21587,-54310,2,5
-43370,-54310,4,5
54627,21883,-5,-2
54620,32777,-5,-3
-32473,-54316,3,5
54615,21892,-5,-2
-21579,-54313,2,5
-43370,-21652,4,2
-10709,-54313,1,5
43737,32777,-4,-3
32843,11000,-3,-1
-43383,-32547,4,3
-43359,43661,4,-4
-10720,-43433,1,4
54620,32772,-5,-3
43739,21892,-4,-2
54615,43656,-5,-4
-32471,32769,3,-3
-54232,21884,5,-2
11107,-10769,-1,1
-43383,21890,4,-2
21951,54550,-2,-5
43747,-21661,-4,2
-32494,-43433,3,4
-21563,-54316,2,5
-54224,11002,5,-1
-43372,-32538,4,3
-43342,-21652,4,2
11079,54548,-1,-5
11106,-32538,-1,3
-32488,-54310,3,5
43748,43664,-4,-4
11063,43658,-1,-4
-54240,54543,5,-5
21983,43655,-2,-4
-21551,32773,2,-3
-21607,-32547,2,3
-10709,-54315,1,5
21978,32775,-2,-3
32864,-21653,-3,2
-32464,43655,3,-4
32848,-54312,-3,5
54639,32772,-5,-3
-43380,-21657,4,2
-43371,54544,4,-5
11079,-43429,-1,4
11099,43664,-1,-4
54591,-21653,-5,2
-10715,-54310,1,5
21949,-10768,-2,1
-21606,43657,2,-4
-54256,-21660,5,2
-54242,-54319,5,5
21985,-21661,-2,2
-32465,-32542,3,3
-54250,-43433,5,4
43742,11005,-4,-1
-32494,-10775,3,1
32843,11004,-3,-1
-21586,43664,2,-4
-10723,21883,1,-2
-21552,-43433,2,4
-43358,-10775,4,1
32872,-10774,-3,1
-10680,-54312,1,5
-54237,-32545,5,3
54651,10997,-5,-1
-32489,-43425,3,4
-54243,-43429,5,4
54626,-54314,-5,5
11107,-21656,-1,2
-21575,10997,2,-1
43716,11001,-4,-1
-10720,32771,1,-3
11092,43660,-1,-4
54631,-21658,-5,2
11068,11005,-1,-1
43708,-21652,-4,2
-10674,-32538,1,3
11051,11006,-1,-1
11063,-54316,-1,5
11056,32769,-1,-3
-21587,21884,2,-2
11082,43660,-1,-4
43726,43663,-4,-4
54633,54550,-5,-5
11071,43663,-1,-4
-43367,43660,4,-4
-21563,11004,2,-1
54639,54542,-5,-5
32848,-32541,-3,3
-54209,54543,5,-5
-43370,21892,4,-2
54627,-21661,-5,2
54612,54542,-5,-5
11103,43663,-1,-4
32876,21892,-3,-2
21978,-21660,-2,2
54592,54547,-5,-5
-43354,-43428,4,4
54615,11001,-5,-1
-10665,-43430,1,4
-21566,-10766,2,1
43753,-43431,-4,4
43739,-32547,-4,3
-43354,-43425,4,4
-10669,-21654,1,2
54644,-10767,-5,1
54612,-43432,-5,4
32829,54546,-3,-5
54594,-10766,-5,1
54626,-32547,-5,3
-32441,11004,3,-1
43738,11006,-4,-1
-43351,-32541,4,3
43732,-10766,-4,1
43749,32777,-4,-3
-32460,-21656,3,2
54628,10998,-5,-1
21949,32777,-2,-3
-43370,-21661,4,2
-10682,-43433,1,4
-32441,-10767,3,1
21973,21888,-2,-2
21973,11000,-2,-1
11107,-10771,-1,1
-10680,-10769,1,1
32867,54542,-3,-5
-10701,21887,1,-2
-54250,-10775,5,1
54615,-10768,-5,1
-21550,21883,2,-2
-43346,21890,4,-2
-54216,-54318,5,5
-43357,11006,4,-1
-10692,-10766,1,1
21944,21892,-2,-2
54623,-10772,-5,1
43749,43663,-4,-4
43740,21888,-4,-2
-54224,32776,5,-3
-54240,43657,5,-4
-21592,-54310,2,5
54599,21883,-5,-2
32830,-10771,-3,1
21961,54550,-2,-5
-54258,-32543,5,3
11047,-10768,-1,1
11047,-21653,-1,2
43709,21883,-4,-2
43729,-10766,-4,1
-32481,-54317,3,5
-32481,-54318,3,5
43750,-54311,-4,5
-43325,11006,4,-1
-43331,21892,4,-2
32867,-54311,-3,5
32847,-10771,-3,1
43731,43664,-4,-4
21965,-10770,-2,1
-43362,21884,4,-2
43742,43663,-4,-4
54634,54541,-5,-5
-32437,10999,3,-1
54631,-21654,-5,2
-54220,11006,5,-1
54607,54546,-5,-5
-43342,43655,4,-4
21973,32773,-2,-3
-32496,-32538,3,3
54599,-21652,-5,2
-54267,54541,5,-5
21949,-10768,-2,1
11071,-10773,-1,1
32879,54549,-3,-5
-43351,-54316,4,5
-54237,10999,5,-1
-54245,32774,5,-3
-43375,54549,4,-5
54623,-21658,-5,2
-43375,32778,4,-3
-21551,-21660,2,2
43741,-21656,-4,2
-54240,32775,5,-3
21984,-10766,-2,1
-10720,-21659,1,2
32824,32770,-3,-3
11057,32774,-1,-3
-21561,54550,2,-5
11071,-21653,-1,2
-32497,-54310,3,5
32871,43655,-3,-4
-43371,32778,4,-3
-21582,-54318,2,5
11076,-21658,-1,2
43749,43655,-4,-4
43754,-54319,-4,5